(-42.5661316271973, 0.0649, -94.41515)*Cone_54
(-88.9249534960938, 0.0649, -97.03163)*Cone_129
(-99.4967079516602, 0.0649, -91.5765)*Cone_135
(-43.5417251940918, 0.0649, 15.85865)*Cone_212
(-67.0691261645508, 0.0649, -90.90036)*Cone_116
(-59.383453404541, 0.0649, 7.700108)*Cone_202
(-61.3917885180664, 0.0649, 1.817586)*Cone_199
(-53.1946564074707, 0.0649, -53.99335)*Cone_93
(-45.6189232226563, 0.0649, -93.5043)*Cone_53
(-48.6468773242188, 0.0649, 14.64167)*Cone_209
(-54.7093506213379, 0.0649, -58.65282)*Cone_95
(-43.0468902941895, 0.0649, -109.5778)*Cone_44
(-82.8744621630859, 0.0649, -25.0905)*Cone_180
(-61.2648201342773, 0.0649, 4.412325)*Cone_201
(-68.9714775439453, 0.0649, -3.002725)*Cone_194
(-43.384372746582, 0.0649, -96.83657)*Cone_51
(-60.3345566149902, 0.0649, -85.03596)*Cone_111
(-65.9647179003906, 0.0649, -87.87473)*Cone_113
(-102.518299138184, 0.0649, -47.7801)*Cone_163
(-3.31823066436768, 0.0649, -20.17312)*Cone_249
(6.45331856048584, 0.0649, -10.14809)*Cone_257
(-81.7907600756836, 0.0649, -24.08638)*Cone_179
(35.418491328125, 0.0649, -31.78352)*Cone_280
(-33.6045532580566, 0.0649, -9.403386)*Cone_227
(-97.5757408496094, 0.0649, -45.48357)*Cone_166
(-39.6909637805176, 0.0649, -45.82241)*Cone_82
(-17.888544118042, 0.0649, -23.96283)*Cone_240
(-44.3617439624023, 0.0649, -86.53404)*Cone_56
(-99.6693077441406, 0.0649, -90.49497)*Cone_136
(-37.485748326416, 0.0649, -46.33495)*Cone_80
(-56.4941864367676, 0.0649, 8.987755)*Cone_202
(-112.295932805176, 0.0649, -79.49899)*Cone_143
(-81.2840080615234, 0.0649, -94.93897)*Cone_124
(-76.7534599658203, 0.0649, -17.7996)*Cone_185
(-37.0641479846191, 0.0649, -51.58092)*Cone_77
(-46.0577164050293, 0.0649, -111.487)*Cone_43
(-67.8869667407227, 0.0649, -2.719852)*Cone_194
(-41.9333000537109, 0.0649, -79.41912)*Cone_62
(-35.5877533312988, 0.0649, 11.65256)*Cone_216
(-45.0372772570801, 0.0649, -45.75078)*Cone_85
(-45.0231743212891, 0.0649, -95.69471)*Cone_51
(34.9272498730469, 0.0649, -24.40562)*Cone_275
(-43.9316826220703, 0.0649, -76.03497)*Cone_63
(28.2515048626709, 0.0649, -15.27007)*Cone_270
(-104.617977177734, 0.0649, -47.33364)*Cone_163
(-35.7719803210449, 0.0649, -62.18296)*Cone_72
(-39.2746696826172, 0.0649, -61.81482)*Cone_71
(-33.996978795166, 0.0649, -110.9758)*Cone_36
(-49.1663666125488, 0.0649, -42.44114)*Cone_87
(21.2260417584229, 0.0649, -9.758419)*Cone_267
